-7.2814E-05 3 8300 10000 24 16
-0.000172157 7 9200 10000 24 16
-0.000223898 9 2400 3300 24 16
-0.000437178 12 6350 6820 24 16
-0.000131636 15 3300 4950 24 16
-9.05808E-05 18 600 2000 24 16
-0.000126122 19 7600 9000 24 16
-0.000337563 23 7600 9000 24 16
-7.20662E-05 27 1 1700 24 16
-0.000196623 29 2500 3100 24 16
-0.000119473 30 3100 5000 24 16
-0.000166192 35 1 1200 24 16
-0.000257862 39 4100 5700 24 16
-0.000120346 40 1 1400 24 16
-7.48698E-05 47 800 1900 24 16
-0.000139477 47 3900 5000 24 16
-0.00010989 51 3800 4700 24 16
-0.000154223 55 750 4200 24 16
-0.000113895 57 9000 10000 24 16
-0.000190695 58 6000 8400 24 16
-6.98674E-05 59 8300 10000 24 16
-0.000225558 62 6000 9000 24 16
-0.000139241 65 800 2200 24 16
-0.000154087 72 3500 4700 24 16
-0.000200302 74 3300 4600 24 16
-0.000155144 75 500 1800 24 16
-0.000165322 76 7200 10000 24 16
-0.0002203 77 2200 3500 24 16
-0.000269767 78 2700 4700 24 16
-0.00010733 79 500 2200 24 16
-0.000134604 79 4500 6500 24 16
-0.000104589 81 1100 3000 24 16
-0.000167618 81 5500 7500 24 16
-0.000133649 82 5600 7000 24 16
-7.29282E-05 86 2300 3900 24 16
-0.00022555 87 7600 8300 24 16
-7.299E-05 89 1100 3000 24 16
-7.81874E-05 89 3200 8200 24 16
-9.86349E-05 90 2600 4500 24 16
-8.56122E-05 93 1500 3600 24 16
-8.26143E-05 93 3700 8000 24 16
-0.000397445 94 3700 4900 24 16
-0.000192853 97 800 2500 24 16
-7.16152E-05 102 3000 5000 24 16
-0.000115008 109 1 1900 24 16
-0.000111427 109 2100 4300 24 16
-0.000162159 110 4500 6200 24 16
-9.63932E-05 112 1 1100 24 16
-9.19739E-05 112 1200 2200 24 16
-0.000121324 112 2700 4900 24 16
-0.000137714 112 5200 7500 24 16
-0.000116235 117 1 1300 24 16
-9.58403E-05 118 2600 3300 24 16
-8.17047E-05 118 3800 4800 24 16
-7.41235E-05 118 6250 7200 24 16
-0.000197001 120 1700 4200 24 16
-0.000125282 122 1200 3200 24 16
-0.000103028 123 1 900 24 16
-0.000138515 123 1600 2600 24 16
-0.000131021 123 3000 5000 24 16
-0.000395111 125 4000 4900 24 16
-0.000124933 126 4200 5600 24 16
-9.54977E-05 126 7800 9300 24 16
-0.000124933 126 4200 5600 24 16
-9.34584E-05 126 7800 9600 24 16
-8.05671E-05 131 1500 3200 24 16
-6.82969E-05 132 950 1800 24 16
-8.57408E-05 132 3500 4900 24 16
-0.000189957 133 2000 3000 24 16
-0.000136876 133 3300 5000 24 16
-0.00017755 134 500 3500 24 16
-9.13709E-05 135 1 1000 24 16
-0.000114158 135 1000 3000 24 16
-0.000112927 135 1100 2700 24 16
-0.000124922 137 2000 3500 24 16
-7.46495E-05 137 6700 9500 24 16
-0.000122782 138 800 2100 24 16
-0.000162871 139 9200 9650 24 16
-9.68579E-05 141 250 1750 24 16
-7.87516E-05 141 3000 4000 24 16
-0.000142738 142 1700 2300 24 16
-9.14625E-05 142 6000 7200 24 16
-7.1263E-05 143 1 2250 24 16
-0.000131503 146 6250 8100 24 16
-0.000190583 147 1900 4900 24 16
-0.000214494 148 2200 3050 24 16
-6.88872E-05 150 8200 10000 24 16
-8.83129E-05 151 300 1700 24 16
-9.49428E-05 151 1900 3400 24 16
-0.000213284 151 8250 9400 24 16
-8.86619E-05 153 350 1300 24 16
-0.000188328 155 1000 2100 24 16
-0.000114603 159 500 2200 24 16
-9.83736E-05 159 3400 4900 24 16
-0.000112918 159 5300 7000 24 16
-0.000155388 160 200 1500 24 16
-0.000136675 160 3400 5000 24 16
-0.000103769 160 3400 4800 24 16
-0.000136675 160 3400 5000 24 16
-9.26723E-05 161 7200 7900 24 16
-7.97129E-05 166 6500 7300 24 16
-0.000127094 167 3600 4200 24 16
-0.000106666 167 8000 9300 24 16
-0.000115238 169 2200 3700 24 16
-7.99635E-05 169 5500 7500 24 16
-8.17969E-05 169 5800 7500 24 16
-0.000159002 172 650 1600 24 16
-0.000132566 172 3200 4700 24 16
-8.98523E-05 173 500 4300 24 16
-0.000147317 174 9100 10000 24 16
-0.00013323 176 2000 3200 24 16
-0.000438231 176 6800 7500 24 16
-0.00017518 176 7700 9000 24 16
-7.48852E-05 177 3300 4900 24 16
-9.78338E-05 179 1 1700 24 16
-0.00015634 180 8900 9300 24 16
-0.000150838 182 150 1500 24 16
-0.000177677 182 4000 5000 24 16
-0.000522565 183 8300 10000 24 16
-0.000342697 184 1 1500 24 16
-0.000805716 184 6250 7700 24 16
-0.00375 184 8100 10000 24 16
-0.000143668 185 6900 8800 24 16
-9.97684E-05 186 1 900 24 16
-0.00018452 186 8100 9000 24 16
-9.85506E-05 187 9400 10000 24 16
-6.81517E-05 191 1600 2700 24 16
-7.86598E-05 193 750 3500 24 16
-9.51541E-05 193 6400 7800 24 16
-0.000182572 194 3600 4900 24 16
-6.85554E-05 195 1400 3600 24 16
-0.000257867 197 2750 5000 24 16
-0.000250896 197 2750 4900 24 16
-0.000106468 200 1700 2900 24 16
-0.000124619 200 5900 7300 24 16
-8.22536E-05 201 1 1200 24 16
-8.1263E-05 201 1500 2200 24 16
-8.19485E-05 201 2300 3600 24 16
-8.64088E-05 201 3800 4900 24 16
-9.37277E-05 201 5400 7000 24 16
-6.43555E-05 203 2900 3600 24 16
-7.30184E-05 203 6300 8000 24 16
-0.000158899 206 450 1300 24 16
-0.000299534 206 3700 4900 24 16
-0.000467319 206 5700 8100 24 16
-0.000178021 208 1 1200 24 16
-0.000112013 208 1700 2700 24 16
-7.65512E-05 208 2900 3900 24 16
-9.24047E-05 208 4000 4900 24 16
-9.94065E-05 208 5400 6900 24 16
-0.000122626 208 7500 8700 24 16
-0.000140703 210 800 2900 24 16
-0.000113741 210 8400 9800 24 16
-7.16629E-05 211 600 1800 24 16
-9.32782E-05 211 2500 4000 24 16
-9.7529E-05 211 5900 8900 24 16
-9.4239E-05 216 7800 8800 24 16
-0.000234973 217 4000 4900 24 16
-7.27978E-05 218 1800 3000 24 16
-0.000186099 219 7250 8100 24 16
-0.000122464 220 3000 4800 24 16
-6.68288E-05 221 1 2000 24 16
-8.58384E-05 221 2500 3500 24 16
-8.58384E-05 221 2500 3500 24 16
-5.1265E-05 221 3600 4500 24 16
-0.000342865 224 4100 4700 24 16
-0.000149591 224 6100 7000 24 16
-8.64232E-05 224 7000 9000 24 16
-9.86702E-05 224 7200 9000 24 16
-0.000160084 226 1300 3600 24 16
-7.29622E-05 227 3200 4900 24 16
-2.83799E-05 227 5000 6000 24 16
-6.60287E-05 227 5200 5900 24 16
-6.46089E-05 227 6000 8200 24 16
-0.000176098 229 3900 5000 24 16
-9.4182E-05 229 900 1900 24 16
-0.000108405 229 9000 9900 24 16
-0.000323257 232 8000 9000 24 16
-7.25514E-05 233 600 2000 24 16
-7.7765E-05 233 2800 3500 24 16
-0.000203566 234 450 1100 24 16
-0.000174845 234 2900 4900 24 16
-0.000114206 235 2900 3700 24 16
-0.00019678 235 8900 10000 24 16
-0.000100835 236 8500 9600 24 16
-0.000892592 237 500 1300 24 16
-0.000177116 238 4800 5700 24 16
-0.00056463 240 2500 4000 24 16
-8.88054E-05 241 1 800 24 16
-0.000141968 241 6900 8500 24 16
-0.000344432 242 8800 9350 24 16
-0.000746263 243 5200 6500 24 16
-8.8514E-05 244 2000 2900 24 16
-0.000110148 244 3000 4000 24 16
-0.000172354 244 8600 10000 24 16
-0.000286014 246 200 1650 24 16
-0.000102422 247 6000 7100 24 16
-0.000140135 248 1 2400 24 16
-0.00012051 248 2600 4100 24 16
-0.000150722 249 1800 3700 24 16
-0.000124776 250 7500 9000 24 16
-9.03501E-05 253 1500 3000 24 16
-0.000171815 260 7500 9000 24 16
-0.000163159 262 1100 2600 24 16
-0.000117299 266 4200 8500 24 16
-0.000342681 269 8400 9400 24 16
0 270 7900 8800 24 16
-7.67316E-05 270 7900 8800 24 16
-0.00014572 271 8300 9700 24 16
-0.000214746 272 600 2400 24 16
-0.000142641 274 4250 5000 24 16
-9.12336E-05 274 5550 8500 24 16
-0.000244858 276 3300 4900 24 16
-0.000110775 276 5700 7500 24 16
-0.000171967 277 6900 9300 24 16
-0.000462449 279 6600 7700 24 16
-0.00010017 280 400 1700 24 16
-0.000119918 280 3000 4900 24 16
-0.000140651 280 7700 8700 24 16
