 ---------------------
         1
  0.50000E-08  0.10000E-07  0.15000E-07  0.20000E-07  0.25000E-07  0.37500E-07  0.50000E-07  0.75000E-07  0.10000E-06  0.20000E-06
  0.16759E-01  0.43372E-01  0.61071E-01  0.69049E-01  0.78112E-01  0.84888E-01  0.93478E-01  0.96819E-01  0.92948E-01  0.76117E-01
      4995
         1
   peak          1
  0.25005E-05  0.00000E+00  0.00000E+00
  0.13297E+00  0.13297E+00
 0.3588968E-02
  0.85000E-08  0.95000E-08  0.15500E-07
-0.3140891E-02
 ---------------------
         2
  0.50000E-08  0.10000E-07  0.15000E-07  0.20000E-07  0.25000E-07  0.37500E-07  0.50000E-07  0.75000E-07  0.10000E-06  0.20000E-06
 -0.15222E-02  0.40341E-03  0.15393E-02 -0.20445E-02 -0.26692E-02 -0.96431E-02 -0.52719E-02 -0.68069E-03  0.34166E-02 -0.16953E-02
      4995
         0
 ---------------------
         3
  0.50000E-08  0.10000E-07  0.15000E-07  0.20000E-07  0.25000E-07  0.37500E-07  0.50000E-07  0.75000E-07  0.10000E-06  0.20000E-06
  0.35282E-03  0.32159E-02  0.21642E-02  0.76804E-03  0.27996E-02 -0.29243E-02 -0.62094E-02 -0.11462E-01 -0.12052E-01 -0.14352E-01
      4995
         0
 ---------------------
         4
  0.50000E-08  0.10000E-07  0.15000E-07  0.20000E-07  0.25000E-07  0.37500E-07  0.50000E-07  0.75000E-07  0.10000E-06  0.20000E-06
  0.16915E-01  0.41497E-01  0.61227E-01  0.73581E-01  0.79831E-01  0.93169E-01  0.11113E+00  0.11838E+00  0.11873E+00  0.11174E+00
      4995
         1
   peak          1
  0.25000E-05  0.00000E+00  0.00000E+00
  0.41511E+00  0.41511E+00
 0.3490462E-02
  0.25000E-08  0.95000E-08  0.14500E-07
-0.3314524E-02
 ---------------------
         5
  0.50000E-08  0.10000E-07  0.15000E-07  0.20000E-07  0.25000E-07  0.37500E-07  0.50000E-07  0.75000E-07  0.10000E-06  0.20000E-06
  0.16447E-01  0.41653E-01  0.60289E-01  0.68737E-01  0.78268E-01  0.82701E-01  0.92384E-01  0.10088E+00  0.99979E-01  0.22455E+00
      4995
         2
   peak          1
  0.25000E-05  0.00000E+00  0.11150E-06
  0.33767E+00  0.33767E+00
 0.3018848E-02
  0.25000E-08  0.10500E-07  0.15500E-07
 0.5435478E-02
   peak          2
  0.26115E-05  0.11150E-06  0.00000E+00
  0.80917E+00  0.80917E+00
 0.4673233E-02
  0.55000E-08  0.65000E-08  0.12500E-07
 0.1473490E-02
 ---------------------
         6
  0.50000E-08  0.10000E-07  0.15000E-07  0.20000E-07  0.25000E-07  0.37500E-07  0.50000E-07  0.75000E-07  0.10000E-06  0.20000E-06
  0.50907E-03  0.72784E-02  0.74767E-02  0.35805E-02  0.60808E-02  0.41069E-02  0.56656E-02 -0.91182E-02 -0.26271E-01 -0.33102E-01
      4995
         0
 ---------------------
         7
  0.50000E-08  0.10000E-07  0.15000E-07  0.20000E-07  0.25000E-07  0.37500E-07  0.50000E-07  0.75000E-07  0.10000E-06  0.20000E-06
  0.12903E-02  0.55966E-03  0.41955E-02  0.40493E-02  0.40496E-02  0.42632E-02  0.34781E-02  0.32255E-02  0.23228E-02 -0.21641E-02
      4995
         0
 ---------------------
         8
  0.50000E-08  0.10000E-07  0.15000E-07  0.20000E-07  0.25000E-07  0.37500E-07  0.50000E-07  0.75000E-07  0.10000E-06  0.20000E-06
  0.41028E-02  0.49347E-02  0.15392E-02  0.14304E-03  0.14330E-03  0.97319E-02  0.45719E-02 -0.84932E-02 -0.13458E-01 -0.45914E-01
      4995
         0
 ---------------------
         9
  0.50000E-08  0.10000E-07  0.15000E-07  0.20000E-07  0.25000E-07  0.37500E-07  0.50000E-07  0.75000E-07  0.10000E-06  0.20000E-06
  0.30091E-02  0.88409E-02  0.11070E-01  0.10456E-01  0.11081E-01  0.13951E-01  0.12853E-01  0.12601E-01  0.10135E-01  0.19086E-01
      4995
         0
 ---------------------
        10
  0.50000E-08  0.10000E-07  0.15000E-07  0.20000E-07  0.25000E-07  0.37500E-07  0.50000E-07  0.75000E-07  0.10000E-06  0.20000E-06
  0.13009E-01  0.29466E-01  0.41539E-01  0.54987E-01  0.60143E-01  0.70357E-01  0.78166E-01  0.80413E-01  0.91385E-01  0.11674E+00
      4995
         1
   peak          1
  0.25005E-05  0.00000E+00  0.00000E+00
  0.28232E+00  0.28232E+00
 0.2498364E-02
  0.55000E-08  0.75000E-08  0.12500E-07
 0.3734107E-02
 ---------------------
        11
  0.50000E-08  0.10000E-07  0.15000E-07  0.20000E-07  0.25000E-07  0.37500E-07  0.50000E-07  0.75000E-07  0.10000E-06  0.20000E-06
 -0.24597E-02 -0.39716E-02 -0.40858E-02 -0.26695E-02 -0.25129E-02 -0.19868E-02 -0.46469E-02 -0.16182E-02 -0.17717E-03 -0.70078E-02
      4995
         0
 ---------------------
        12
  0.50000E-08  0.10000E-07  0.15000E-07  0.20000E-07  0.25000E-07  0.37500E-07  0.50000E-07  0.75000E-07  0.10000E-06  0.20000E-06
  0.12072E-01  0.38216E-01  0.58570E-01  0.69518E-01  0.81706E-01  0.88794E-01  0.94728E-01  0.10994E+00  0.11123E+00  0.95492E-01
      4995
         1
   peak          1
  0.25025E-05  0.00000E+00  0.00000E+00
  0.93266E+00  0.93266E+00
 0.3264472E-02
  0.95000E-08  0.15500E-07  0.15500E-07
-0.2898133E-02
 ---------------------
        13
  0.50000E-08  0.10000E-07  0.15000E-07  0.20000E-07  0.25000E-07  0.37500E-07  0.50000E-07  0.75000E-07  0.10000E-06  0.20000E-06
  0.37072E-01  0.93216E-01  0.13263E+00  0.15655E+00  0.17514E+00  0.19895E+00  0.22410E+00  0.24573E+00  0.25685E+00  0.23846E+00
      4995
         1
   peak          1
  0.25005E-05  0.00000E+00  0.00000E+00
  0.49208E-01  0.49208E-01
 0.8069290E-02
  0.65000E-08  0.11500E-07  0.14500E-07
 0.4515357E-02
 ---------------------
        14
  0.50000E-08  0.10000E-07  0.15000E-07  0.20000E-07  0.25000E-07  0.37500E-07  0.50000E-07  0.75000E-07  0.10000E-06  0.20000E-06
 -0.29284E-02 -0.25653E-02 -0.29920E-02 -0.34507E-02 -0.32942E-02 -0.52681E-02 -0.82406E-02 -0.16618E-01 -0.21271E-01 -0.40445E-01
      4995
         0
 ---------------------
        15
  0.50000E-08  0.10000E-07  0.15000E-07  0.20000E-07  0.25000E-07  0.37500E-07  0.50000E-07  0.75000E-07  0.10000E-06  0.20000E-06
  0.20822E-01  0.47903E-01  0.65602E-01  0.79049E-01  0.87018E-01  0.93794E-01  0.10817E+00  0.11604E+00  0.11982E+00  0.23252E+00
      4995
         2
   peak          1
  0.25000E-05  0.00000E+00  0.14750E-06
  0.30407E+00  0.30407E+00
 0.3903123E-02
  0.25000E-08  0.55000E-08  0.10500E-07
-0.9707705E-03
   peak          2
  0.26475E-05  0.14750E-06  0.00000E+00
  0.18479E+00  0.18479E+00
 0.3964584E-02
  0.65000E-08  0.10500E-07  0.10500E-07
-0.1208236E-02
 ---------------------
        16
  0.50000E-08  0.10000E-07  0.15000E-07  0.20000E-07  0.25000E-07  0.37500E-07  0.50000E-07  0.75000E-07  0.10000E-06  0.20000E-06
  0.34103E-01  0.87435E-01  0.12841E+00  0.15389E+00  0.17436E+00  0.20301E+00  0.22488E+00  0.24104E+00  0.24545E+00  0.24034E+00
      4995
         1
   peak          1
  0.25005E-05  0.00000E+00  0.00000E+00
  0.12872E+00  0.12872E+00
 0.7597677E-02
  0.85000E-08  0.12500E-07  0.17500E-07
 0.4984109E-02
 ---------------------
        17
  0.50000E-08  0.10000E-07  0.15000E-07  0.20000E-07  0.25000E-07  0.37500E-07  0.50000E-07  0.75000E-07  0.10000E-06  0.20000E-06
 -0.13659E-02 -0.16278E-02 -0.59607E-02 -0.89195E-02 -0.86067E-02 -0.71431E-02 -0.60531E-02 -0.14431E-01 -0.21427E-01 -0.46695E-01
      4995
         0
 ---------------------
        18
  0.50000E-08  0.10000E-07  0.15000E-07  0.20000E-07  0.25000E-07  0.37500E-07  0.50000E-07  0.75000E-07  0.10000E-06  0.20000E-06
 -0.18347E-02 -0.22159E-03 -0.61170E-02 -0.82945E-02 -0.87629E-02 -0.16518E-01 -0.17772E-01 -0.22399E-01 -0.34552E-01 -0.53102E-01
      4995
         0
 ---------------------
        19
  0.50000E-08  0.10000E-07  0.15000E-07  0.20000E-07  0.25000E-07  0.37500E-07  0.50000E-07  0.75000E-07  0.10000E-06  0.20000E-06
 -0.49597E-02 -0.85028E-02 -0.98670E-02 -0.13919E-01 -0.15325E-01 -0.18706E-01 -0.21366E-01 -0.29274E-01 -0.39240E-01 -0.49977E-01
      4995
         0
 ---------------------
        20
  0.50000E-08  0.10000E-07  0.15000E-07  0.20000E-07  0.25000E-07  0.37500E-07  0.50000E-07  0.75000E-07  0.10000E-06  0.20000E-06
  0.24728E-01  0.54466E-01  0.77321E-01  0.89831E-01  0.97956E-01  0.10911E+00  0.12692E+00  0.13979E+00  0.13389E+00  0.98773E-01
      4995
         1
   peak          1
  0.25000E-05  0.00000E+00  0.00000E+00
  0.38517E+00  0.38517E+00
 0.4787397E-02
  0.75000E-08  0.75000E-08  0.16500E-07
-0.2064523E-02
 ---------------------
        21
  0.50000E-08  0.10000E-07  0.15000E-07  0.20000E-07  0.25000E-07  0.37500E-07  0.50000E-07  0.75000E-07  0.10000E-06  0.20000E-06
 -0.13659E-02 -0.13153E-02 -0.23670E-02  0.29929E-03  0.29558E-02  0.66942E-03 -0.71469E-02 -0.12556E-01 -0.97084E-02 -0.28258E-01
      4995
         0
 ---------------------
        22
  0.50000E-08  0.10000E-07  0.15000E-07  0.20000E-07  0.25000E-07  0.37500E-07  0.50000E-07  0.75000E-07  0.10000E-06  0.20000E-06
  0.35282E-03 -0.37785E-03 -0.11170E-02 -0.18882E-02 -0.63795E-03 -0.10493E-02 -0.12094E-02 -0.11618E-01 -0.11427E-01 -0.45289E-01
      4995
         0
 ---------------------
        23
  0.50000E-08  0.10000E-07  0.15000E-07  0.20000E-07  0.25000E-07  0.37500E-07  0.50000E-07  0.75000E-07  0.10000E-06  0.20000E-06
  0.19153E-02  0.22784E-02 -0.33575E-03 -0.32945E-02 -0.43879E-02 -0.99556E-02 -0.14334E-01 -0.20681E-01 -0.30333E-01 -0.52008E-01
      4995
         0
 ---------------------
        24
  0.50000E-08  0.10000E-07  0.15000E-07  0.20000E-07  0.25000E-07  0.37500E-07  0.50000E-07  0.75000E-07  0.10000E-06  0.20000E-06
  0.16603E-01  0.40716E-01  0.59820E-01  0.70143E-01  0.77018E-01  0.87701E-01  0.98947E-01  0.10557E+00  0.97167E-01  0.65805E-01
      4995
         1
   peak          1
  0.25005E-05  0.00000E+00  0.00000E+00
  0.22758E+00  0.22758E+00
 0.3500541E-02
  0.85000E-08  0.14500E-07  0.14500E-07
-0.1204714E-01
 ---------------------
        25
  0.50000E-08  0.10000E-07  0.15000E-07  0.20000E-07  0.25000E-07  0.37500E-07  0.50000E-07  0.75000E-07  0.10000E-06  0.20000E-06
  0.25403E-02  0.55966E-03  0.18518E-02  0.32680E-02 -0.11067E-02 -0.19868E-02 -0.26156E-02  0.44756E-02 -0.29897E-02 -0.25914E-01
      4995
         0
 ---------------------
        26
  0.50000E-08  0.10000E-07  0.15000E-07  0.20000E-07  0.25000E-07  0.37500E-07  0.50000E-07  0.75000E-07  0.10000E-06  0.20000E-06
  0.17228E-01  0.40403E-01  0.52477E-01  0.64362E-01  0.75300E-01  0.86919E-01  0.10301E+00  0.11198E+00  0.10873E+00  0.88773E-01
      4995
         1
   peak          1
  0.25005E-05  0.00000E+00  0.00000E+00
  0.49123E+00  0.49123E+00
 0.3765823E-02
  0.65000E-08  0.85000E-08  0.13500E-07
 0.2484110E-02
 ---------------------
        27
  0.50000E-08  0.10000E-07  0.15000E-07  0.20000E-07  0.25000E-07  0.37500E-07  0.50000E-07  0.75000E-07  0.10000E-06  0.20000E-06
 -0.24597E-02 -0.49091E-02 -0.50232E-02 -0.34507E-02 -0.51692E-02 -0.58931E-02 -0.63656E-02 -0.95869E-02 -0.25209E-02 -0.15914E-01
      4995
         0
 ---------------------
        28
  0.50000E-08  0.10000E-07  0.15000E-07  0.20000E-07  0.25000E-07  0.37500E-07  0.50000E-07  0.75000E-07  0.10000E-06  0.20000E-06
  0.82157E-03  0.29034E-02  0.73205E-02  0.43618E-02  0.23308E-02  0.12944E-02  0.31656E-02  0.35381E-02 -0.29897E-02 -0.30758E-01
      4995
         0
 ---------------------
        29
  0.50000E-08  0.10000E-07  0.15000E-07  0.20000E-07  0.25000E-07  0.37500E-07  0.50000E-07  0.75000E-07  0.10000E-06  0.20000E-06
  0.33216E-02  0.18097E-02  0.29455E-02  0.35805E-02  0.21746E-02  0.27007E-02  0.44156E-02  0.11943E-02  0.13853E-02  0.18305E-01
      4995
         0
 ---------------------
        30
  0.50000E-08  0.10000E-07  0.15000E-07  0.20000E-07  0.25000E-07  0.37500E-07  0.50000E-07  0.75000E-07  0.10000E-06  0.20000E-06
 -0.27218E-03  0.28685E-01  0.50758E-01  0.68737E-01  0.82800E-01  0.10536E+00  0.11942E+00  0.13182E+00  0.12670E+00  0.12955E+00
      4995
         1
   peak          1
  0.25040E-05  0.00000E+00  0.00000E+00
  0.12917E+01  0.12917E+01
 0.4454101E-02
  0.35000E-08  0.75000E-08  0.12500E-07
-0.1320683E-02
 ---------------------
        31
  0.50000E-08  0.10000E-07  0.15000E-07  0.20000E-07  0.25000E-07  0.37500E-07  0.50000E-07  0.75000E-07  0.10000E-06  0.20000E-06
  0.50907E-03  0.29034E-02  0.29455E-02  0.43618E-02  0.65496E-02  0.10513E-01  0.16447E-01  0.14788E-01  0.13104E-01  0.31117E-01
      4995
         0
 ---------------------
        32
  0.50000E-08  0.10000E-07  0.15000E-07  0.20000E-07  0.25000E-07  0.37500E-07  0.50000E-07  0.75000E-07  0.10000E-06  0.20000E-06
 -0.33972E-02 -0.35028E-02 -0.67420E-02 -0.75132E-02 -0.84504E-02 -0.79243E-02 -0.69906E-02 -0.11618E-01 -0.86147E-02 -0.28883E-01
      4995
         0
 ---------------------
        33
  0.50000E-08  0.10000E-07  0.15000E-07  0.20000E-07  0.25000E-07  0.37500E-07  0.50000E-07  0.75000E-07  0.10000E-06  0.20000E-06
 -0.89718E-03  0.24716E-03  0.40392E-02  0.74868E-02  0.84245E-02  0.97319E-02  0.10978E-01  0.11819E-01  0.76353E-02  0.10648E-01
      4995
         0
 ---------------------
        34
  0.50000E-08  0.10000E-07  0.15000E-07  0.20000E-07  0.25000E-07  0.37500E-07  0.50000E-07  0.75000E-07  0.10000E-06  0.20000E-06
 -0.58468E-03 -0.37784E-03  0.37268E-02  0.63930E-02  0.65496E-02  0.10982E-01  0.11916E-01  0.15068E-02  0.91978E-02  0.81484E-02
      4995
         0
 ---------------------
        35
  0.50000E-08  0.10000E-07  0.15000E-07  0.20000E-07  0.25000E-07  0.37500E-07  0.50000E-07  0.75000E-07  0.10000E-06  0.20000E-06
  0.17384E-01  0.40560E-01  0.62633E-01  0.76081E-01  0.87018E-01  0.10301E+00  0.11817E+00  0.12807E+00  0.12779E+00  0.10815E+00
      4995
         1
   peak          1
  0.25025E-05  0.00000E+00  0.00000E+00
  0.15913E+01  0.15913E+01
 0.4060318E-02
  0.45000E-08  0.45000E-08  0.14500E-07
-0.2898132E-02
 ---------------------
        36
  0.50000E-08  0.10000E-07  0.15000E-07  0.20000E-07  0.25000E-07  0.37500E-07  0.50000E-07  0.75000E-07  0.10000E-06  0.20000E-06
 -0.16784E-02 -0.53409E-03 -0.65857E-02 -0.50132E-02 -0.47004E-02 -0.35493E-02 -0.54281E-02 -0.48994E-02 -0.28334E-02 -0.16695E-01
      4995
         0
 ---------------------
        37
  0.50000E-08  0.10000E-07  0.15000E-07  0.20000E-07  0.25000E-07  0.37500E-07  0.50000E-07  0.75000E-07  0.10000E-06  0.20000E-06
 -0.27218E-03 -0.10028E-02  0.21642E-02  0.15493E-02  0.92455E-03 -0.26809E-03  0.66561E-03 -0.59932E-02 -0.10646E-01 -0.12164E-01
      4995
         0
 ---------------------
        38
  0.50000E-08  0.10000E-07  0.15000E-07  0.20000E-07  0.25000E-07  0.37500E-07  0.50000E-07  0.75000E-07  0.10000E-06  0.20000E-06
  0.15665E-01  0.38685E-01  0.56695E-01  0.67956E-01  0.77956E-01  0.92388E-01  0.10988E+00  0.11416E+00  0.10560E+00  0.70648E-01
      4995
         1
   peak          1
  0.25000E-05  0.00000E+00  0.00000E+00
  0.24212E+00  0.24212E+00
 0.2930421E-02
  0.11500E-07  0.11500E-07  0.16500E-07
 0.2154227E-02
 ---------------------
        39
  0.50000E-08  0.10000E-07  0.15000E-07  0.20000E-07  0.25000E-07  0.37500E-07  0.50000E-07  0.75000E-07  0.10000E-06  0.20000E-06
  0.13322E-01  0.36966E-01  0.56852E-01  0.69206E-01  0.81550E-01  0.96138E-01  0.10785E+00  0.10760E+00  0.10076E+00  0.78305E-01
      4995
         1
   peak          1
  0.25010E-05  0.00000E+00  0.00000E+00
  0.25533E+01  0.25533E+01
 0.4070236E-02
  0.65000E-08  0.75000E-08  0.15500E-07
-0.8091876E-02
 ---------------------
        40
  0.50000E-08  0.10000E-07  0.15000E-07  0.20000E-07  0.25000E-07  0.37500E-07  0.50000E-07  0.75000E-07  0.10000E-06  0.20000E-06
 -0.48034E-02 -0.69403E-02 -0.37733E-02 -0.10638E-01 -0.68879E-02 -0.90181E-02 -0.16366E-01 -0.19899E-01 -0.27521E-01 -0.46695E-01
      4995
         0
 ---------------------
        41
  0.50000E-08  0.10000E-07  0.15000E-07  0.20000E-07  0.25000E-07  0.37500E-07  0.50000E-07  0.75000E-07  0.10000E-06  0.20000E-06
 -0.11593E-03 -0.24091E-02 -0.39295E-02 -0.87632E-02 -0.86067E-02 -0.10581E-01 -0.18866E-01 -0.27243E-01 -0.32677E-01 -0.76227E-01
      4995
         0
 ---------------------
        42
  0.50000E-08  0.10000E-07  0.15000E-07  0.20000E-07  0.25000E-07  0.37500E-07  0.50000E-07  0.75000E-07  0.10000E-06  0.20000E-06
 -0.12097E-02 -0.28778E-02 -0.17420E-02 -0.32571E-03 -0.20442E-02 -0.74556E-02 -0.85531E-02 -0.75557E-02 -0.47084E-02 -0.32164E-01
      4995
         0
 ---------------------
        43
  0.50000E-08  0.10000E-07  0.15000E-07  0.20000E-07  0.25000E-07  0.37500E-07  0.50000E-07  0.75000E-07  0.10000E-06  0.20000E-06
  0.36603E-01  0.91028E-01  0.12857E+00  0.14842E+00  0.16624E+00  0.18723E+00  0.21363E+00  0.21854E+00  0.20873E+00  0.18643E+00
      4995
         1
   peak          1
  0.25005E-05  0.00000E+00  0.00000E+00
  0.59706E-01  0.59706E-01
 0.8010338E-02
  0.10500E-07  0.12500E-07  0.14500E-07
-0.7203391E-02
 ---------------------
        44
  0.50000E-08  0.10000E-07  0.15000E-07  0.20000E-07  0.25000E-07  0.37500E-07  0.50000E-07  0.75000E-07  0.10000E-06  0.20000E-06
  0.17072E-01  0.41810E-01  0.61539E-01  0.71706E-01  0.83268E-01  0.93326E-01  0.10067E+00  0.10573E+00  0.10810E+00  0.83148E-01
      4995
         1
   peak          1
  0.25005E-05  0.00000E+00  0.00000E+00
  0.66619E+00  0.66619E+00
 0.3795299E-02
  0.65000E-08  0.13500E-07  0.17500E-07
 0.5765358E-02
 ---------------------
        45
  0.50000E-08  0.10000E-07  0.15000E-07  0.20000E-07  0.25000E-07  0.37500E-07  0.50000E-07  0.75000E-07  0.10000E-06  0.20000E-06
  0.19415E-01  0.46966E-01  0.64508E-01  0.78893E-01  0.84831E-01  0.92857E-01  0.10848E+00  0.11573E+00  0.11545E+00  0.11034E+00
      4995
         1
   peak          1
  0.25005E-05  0.00000E+00  0.00000E+00
  0.22295E+00  0.22295E+00
 0.3883726E-02
  0.75000E-08  0.95000E-08  0.13500E-07
 0.2327861E-02
 ---------------------
        46
  0.50000E-08  0.10000E-07  0.15000E-07  0.20000E-07  0.25000E-07  0.37500E-07  0.50000E-07  0.75000E-07  0.10000E-06  0.20000E-06
 -0.89718E-03  0.27472E-02  0.48205E-02  0.76804E-03  0.21746E-02  0.69194E-02  0.86344E-02  0.65068E-02 -0.28334E-02 -0.27320E-01
      4995
         0
 ---------------------
        47
  0.50000E-08  0.10000E-07  0.15000E-07  0.20000E-07  0.25000E-07  0.37500E-07  0.50000E-07  0.75000E-07  0.10000E-06  0.20000E-06
 -0.29284E-02 -0.22159E-03 -0.22108E-02 -0.72007E-02 -0.92317E-02 -0.14956E-01 -0.15584E-01 -0.12556E-01 -0.17677E-01 -0.41070E-01
      4995
         0
 ---------------------
        48
  0.50000E-08  0.10000E-07  0.15000E-07  0.20000E-07  0.25000E-07  0.37500E-07  0.50000E-07  0.75000E-07  0.10000E-06  0.20000E-06
 -0.35534E-02 -0.38153E-02 -0.67420E-02 -0.82945E-02 -0.73567E-02 -0.10424E-01 -0.11209E-01 -0.16931E-01 -0.13302E-01  0.33591E-03
      4995
         0
 ---------------------
        49
  0.50000E-08  0.10000E-07  0.15000E-07  0.20000E-07  0.25000E-07  0.37500E-07  0.50000E-07  0.75000E-07  0.10000E-06  0.20000E-06
 -0.11593E-03  0.24716E-03  0.27892E-02  0.52993E-02  0.79558E-02  0.53569E-02  0.80094E-02 -0.30244E-02  0.52916E-02 -0.21641E-02
      4995
         0
 ---------------------
        50
  0.50000E-08  0.10000E-07  0.15000E-07  0.20000E-07  0.25000E-07  0.37500E-07  0.50000E-07  0.75000E-07  0.10000E-06  0.20000E-06
  0.35282E-03  0.24347E-02  0.13830E-02  0.17055E-02  0.17058E-02  0.22319E-02  0.70719E-02  0.43193E-02 -0.26772E-02  0.87734E-02
      4995
         0
 ---------------------
        51
  0.50000E-08  0.10000E-07  0.15000E-07  0.20000E-07  0.25000E-07  0.37500E-07  0.50000E-07  0.75000E-07  0.10000E-06  0.20000E-06
 -0.27218E-03  0.14972E-02  0.12267E-02 -0.12632E-02  0.61205E-03 -0.11049E-01 -0.10272E-01 -0.18962E-01 -0.17052E-01 -0.20445E-01
      4995
         0
 ---------------------
        52
  0.50000E-08  0.10000E-07  0.15000E-07  0.20000E-07  0.25000E-07  0.37500E-07  0.50000E-07  0.75000E-07  0.10000E-06  0.20000E-06
  0.33216E-02  0.16534E-02  0.16955E-02  0.35805E-02  0.34245E-02 -0.33931E-02  0.12906E-02  0.27568E-02  0.34166E-02  0.11742E-01
      4995
         0
 ---------------------
        53
  0.50000E-08  0.10000E-07  0.15000E-07  0.20000E-07  0.25000E-07  0.37500E-07  0.50000E-07  0.75000E-07  0.10000E-06  0.20000E-06
  0.35282E-03  0.29034E-02  0.13830E-02  0.27993E-02  0.45580E-03 -0.11184E-03 -0.58439E-03 -0.55245E-02 -0.14865E-01 -0.60703E-02
      4995
         0
 ---------------------
        54
  0.50000E-08  0.10000E-07  0.15000E-07  0.20000E-07  0.25000E-07  0.37500E-07  0.50000E-07  0.75000E-07  0.10000E-06  0.20000E-06
  0.12072E-01  0.26966E-01  0.36696E-01  0.46862E-01  0.54675E-01  0.60669E-01  0.69103E-01  0.78851E-01  0.80135E-01  0.82055E-01
      4995
         1
   peak          1
  0.25010E-05  0.00000E+00  0.00000E+00
  0.21598E+01  0.21598E+01
 0.3068059E-02
  0.12500E-07  0.14500E-07  0.18500E-07
 0.8314376E-02
 ---------------------
        55
  0.50000E-08  0.10000E-07  0.15000E-07  0.20000E-07  0.25000E-07  0.37500E-07  0.50000E-07  0.75000E-07  0.10000E-06  0.20000E-06
 -0.38659E-02 -0.38153E-02 -0.47108E-02 -0.65757E-02 -0.10013E-01 -0.11518E-01 -0.52719E-02 -0.31807E-02 -0.62709E-02 -0.18414E-01
      4995
         0
 ---------------------
        56
  0.50000E-08  0.10000E-07  0.15000E-07  0.20000E-07  0.25000E-07  0.37500E-07  0.50000E-07  0.75000E-07  0.10000E-06  0.20000E-06
  0.15197E-01  0.36966E-01  0.52633E-01  0.62956E-01  0.73581E-01  0.86138E-01  0.97228E-01  0.10057E+00  0.10357E+00  0.74867E-01
      4995
         1
   peak          1
  0.25010E-05  0.00000E+00  0.00000E+00
  0.54901E+00  0.54901E+00
 0.3569148E-02
  0.65000E-08  0.75000E-08  0.15500E-07
-0.4356258E-03
 ---------------------
        57
  0.50000E-08  0.10000E-07  0.15000E-07  0.20000E-07  0.25000E-07  0.37500E-07  0.50000E-07  0.75000E-07  0.10000E-06  0.20000E-06
 -0.16784E-02 -0.56903E-02 -0.47108E-02 -0.47007E-02 -0.65755E-02 -0.69868E-02 -0.10584E-01 -0.20681E-01 -0.30333E-01 -0.44664E-01
      4995
         0
 ---------------------
        58
  0.50000E-08  0.10000E-07  0.15000E-07  0.20000E-07  0.25000E-07  0.37500E-07  0.50000E-07  0.75000E-07  0.10000E-06  0.20000E-06
  0.89466E-02  0.30872E-01  0.46070E-01  0.58268E-01  0.69206E-01  0.78638E-01  0.87228E-01  0.86194E-01  0.76385E-01  0.45961E-01
      4995
         1
   peak          1
  0.25005E-05  0.00000E+00  0.00000E+00
  0.42555E+00  0.42555E+00
 0.2439412E-02
  0.10500E-07  0.10500E-07  0.16500E-07
 0.2171609E-02
 ---------------------
        59
  0.50000E-08  0.10000E-07  0.15000E-07  0.20000E-07  0.25000E-07  0.37500E-07  0.50000E-07  0.75000E-07  0.10000E-06  0.20000E-06
  0.40318E-04 -0.22159E-03 -0.80450E-03 -0.40757E-02 -0.18879E-02 -0.41743E-02 -0.43344E-02  0.11038E-01  0.17167E-01 -0.24766E-02
      4995
         0
 ---------------------
        60
  0.50000E-08  0.10000E-07  0.15000E-07  0.20000E-07  0.25000E-07  0.37500E-07  0.50000E-07  0.75000E-07  0.10000E-06  0.20000E-06
 -0.26159E-02 -0.16278E-02 -0.22107E-02 -0.11070E-02 -0.12629E-02 -0.73683E-03  0.22281E-02  0.61943E-02 -0.15834E-02  0.15859E-02
      4995
         0
 ---------------------
        61
  0.50000E-08  0.10000E-07  0.15000E-07  0.20000E-07  0.25000E-07  0.37500E-07  0.50000E-07  0.75000E-07  0.10000E-06  0.20000E-06
  0.13790E-01  0.35560E-01  0.51695E-01  0.59831E-01  0.67018E-01  0.81451E-01  0.89884E-01  0.91507E-01  0.94667E-01  0.84867E-01
      4995
         1
   peak          1
  0.25005E-05  0.00000E+00  0.00000E+00
  0.58951E+00  0.58951E+00
 0.3146831E-02
  0.75000E-08  0.75000E-08  0.13500E-07
-0.7359641E-02
 ---------------------
        62
  0.50000E-08  0.10000E-07  0.15000E-07  0.20000E-07  0.25000E-07  0.37500E-07  0.50000E-07  0.75000E-07  0.10000E-06  0.20000E-06
  0.25403E-02  0.71591E-03  0.10705E-02  0.10805E-02  0.61205E-03 -0.38618E-02  0.35311E-03  0.30693E-02 -0.15834E-02 -0.32320E-01
      4995
         0
 ---------------------
        63
  0.50000E-08  0.10000E-07  0.15000E-07  0.20000E-07  0.25000E-07  0.37500E-07  0.50000E-07  0.75000E-07  0.10000E-06  0.20000E-06
 -0.29284E-02 -0.27216E-02 -0.58045E-02 -0.10794E-01 -0.12513E-01 -0.18706E-01 -0.23241E-01 -0.37087E-01 -0.48615E-01 -0.75445E-01
      4995
         0
 ---------------------
        64
  0.50000E-08  0.10000E-07  0.15000E-07  0.20000E-07  0.25000E-07  0.37500E-07  0.50000E-07  0.75000E-07  0.10000E-06  0.20000E-06
  0.19572E-01  0.42747E-01  0.60133E-01  0.75612E-01  0.83893E-01  0.95044E-01  0.10973E+00  0.11182E+00  0.11139E+00  0.10205E+00
      4995
         1
   peak          1
  0.25005E-05  0.00000E+00  0.00000E+00
  0.68052E+00  0.68052E+00
 0.4296388E-02
  0.75000E-08  0.10500E-07  0.17500E-07
 0.3577859E-02
 ---------------------
        65
  0.50000E-08  0.10000E-07  0.15000E-07  0.20000E-07  0.25000E-07  0.37500E-07  0.50000E-07  0.75000E-07  0.10000E-06  0.20000E-06
  0.42591E-02  0.43097E-02  0.70080E-02  0.84243E-02  0.87370E-02  0.84819E-02  0.61344E-02  0.41305E-03  0.12291E-02  0.11586E-01
      4995
         0
 ---------------------
        66
  0.50000E-08  0.10000E-07  0.15000E-07  0.20000E-07  0.25000E-07  0.37500E-07  0.50000E-07  0.75000E-07  0.10000E-06  0.20000E-06
  0.66532E-03 -0.11591E-02 -0.29920E-02 -0.13214E-04 -0.12629E-02 -0.13618E-02 -0.82406E-02 -0.91182E-02 -0.92397E-02 -0.13570E-01
      4995
         0
 ---------------------
        67
  0.50000E-08  0.10000E-07  0.15000E-07  0.20000E-07  0.25000E-07  0.37500E-07  0.50000E-07  0.75000E-07  0.10000E-06  0.20000E-06
  0.17384E-01  0.41497E-01  0.57946E-01  0.73893E-01  0.79518E-01  0.90357E-01  0.99259E-01  0.11213E+00  0.10467E+00  0.96117E-01
      4995
         1
   peak          1
  0.25000E-05  0.00000E+00  0.00000E+00
  0.11175E+00  0.11175E+00
 0.3402034E-02
  0.65000E-08  0.10500E-07  0.19500E-07
 0.4029227E-02
 ---------------------
        68
  0.50000E-08  0.10000E-07  0.15000E-07  0.20000E-07  0.25000E-07  0.37500E-07  0.50000E-07  0.75000E-07  0.10000E-06  0.20000E-06
  0.97782E-03  0.90905E-04 -0.23670E-02 -0.43882E-02 -0.48170E-03 -0.13618E-02 -0.29281E-02 -0.21195E-03 -0.33342E-03  0.25234E-02
      4995
         0
 ---------------------
        69
  0.50000E-08  0.10000E-07  0.15000E-07  0.20000E-07  0.25000E-07  0.37500E-07  0.50000E-07  0.75000E-07  0.10000E-06  0.20000E-06
  0.16028E-02  0.13409E-02  0.28925E-03  0.45554E-03  0.23308E-02  0.55132E-02  0.56656E-02  0.20569E-01  0.26854E-01  0.32523E-01
      4995
         0
 ---------------------
        70
  0.50000E-08  0.10000E-07  0.15000E-07  0.20000E-07  0.25000E-07  0.37500E-07  0.50000E-07  0.75000E-07  0.10000E-06  0.20000E-06
  0.39259E-01  0.90560E-01  0.12373E+00  0.15186E+00  0.17061E+00  0.20239E+00  0.21973E+00  0.23729E+00  0.23654E+00  0.21877E+00
      4995
         1
   peak          1
  0.25005E-05  0.00000E+00  0.00000E+00
  0.29033E+00  0.29033E+00
 0.8216670E-02
  0.95000E-08  0.95000E-08  0.19500E-07
-0.4547141E-02
 ---------------------
        71
  0.50000E-08  0.10000E-07  0.15000E-07  0.20000E-07  0.25000E-07  0.37500E-07  0.50000E-07  0.75000E-07  0.10000E-06  0.20000E-06
  0.13009E-01  0.41653E-01  0.57945E-01  0.69831E-01  0.80925E-01  0.87076E-01  0.96291E-01  0.10651E+00  0.97010E-01  0.82836E-01
      4995
         1
   peak          1
  0.25010E-05  0.00000E+00  0.00000E+00
  0.37014E+00  0.37014E+00
 0.3834430E-02
  0.12500E-07  0.17500E-07  0.17500E-07
-0.8404375E-02
 ---------------------
        72
  0.50000E-08  0.10000E-07  0.15000E-07  0.20000E-07  0.25000E-07  0.37500E-07  0.50000E-07  0.75000E-07  0.10000E-06  0.20000E-06
  0.14728E-01  0.36028E-01  0.48414E-01  0.63112E-01  0.73112E-01  0.79263E-01  0.87541E-01  0.98226E-01  0.10732E+00  0.10268E+00
      4995
         1
   peak          1
  0.25005E-05  0.00000E+00  0.00000E+00
  0.35469E+00  0.35469E+00
 0.3205783E-02
  0.45000E-08  0.11500E-07  0.12500E-07
-0.1079714E-01
 ---------------------
        73
  0.50000E-08  0.10000E-07  0.15000E-07  0.20000E-07  0.25000E-07  0.37500E-07  0.50000E-07  0.75000E-07  0.10000E-06  0.20000E-06
  0.50907E-03 -0.65343E-04  0.13830E-02  0.17055E-02  0.15496E-02 -0.73683E-03 -0.12094E-02 -0.39619E-02 -0.12709E-02 -0.82578E-02
      4995
         0
 ---------------------
        74
  0.50000E-08  0.10000E-07  0.15000E-07  0.20000E-07  0.25000E-07  0.37500E-07  0.50000E-07  0.75000E-07  0.10000E-06  0.20000E-06
 -0.49597E-02 -0.55341E-02 -0.81483E-02 -0.95445E-02 -0.11107E-01 -0.14487E-01 -0.14803E-01 -0.20837E-01 -0.32521E-01 -0.46539E-01
      4995
         0
 ---------------------
        75
  0.50000E-08  0.10000E-07  0.15000E-07  0.20000E-07  0.25000E-07  0.37500E-07  0.50000E-07  0.75000E-07  0.10000E-06  0.20000E-06
 -0.10534E-02 -0.22159E-03 -0.28358E-02 -0.67320E-02 -0.89192E-02 -0.10268E-01 -0.48031E-02 -0.21195E-03  0.12291E-02 -0.12008E-01
      4995
         0
 ---------------------
        76
  0.50000E-08  0.10000E-07  0.15000E-07  0.20000E-07  0.25000E-07  0.37500E-07  0.50000E-07  0.75000E-07  0.10000E-06  0.20000E-06
  0.25403E-02  0.49347E-02  0.12267E-02  0.18618E-02  0.21746E-02  0.45757E-02 -0.58438E-03 -0.14620E-02  0.74791E-02 -0.37266E-02
      4995
         0
 ---------------------
        77
  0.50000E-08  0.10000E-07  0.15000E-07  0.20000E-07  0.25000E-07  0.37500E-07  0.50000E-07  0.75000E-07  0.10000E-06  0.20000E-06
  0.97782E-03  0.71591E-03  0.21642E-02  0.61179E-03  0.26433E-02 -0.57368E-02 -0.58969E-02 -0.89620E-02 -0.10958E-01 -0.13102E-01
      4995
         0
 ---------------------
        78
  0.50000E-08  0.10000E-07  0.15000E-07  0.20000E-07  0.25000E-07  0.37500E-07  0.50000E-07  0.75000E-07  0.10000E-06  0.20000E-06
 -0.58468E-03  0.13409E-02  0.18517E-02 -0.23570E-02 -0.20442E-02 -0.40181E-02 -0.10531E-02 -0.47432E-02 -0.95842E-03  0.39297E-02
      4995
         0
 ---------------------
        79
  0.50000E-08  0.10000E-07  0.15000E-07  0.20000E-07  0.25000E-07  0.37500E-07  0.50000E-07  0.75000E-07  0.10000E-06  0.20000E-06
  0.20716E-02  0.27472E-02  0.76330E-02  0.10612E-01  0.13737E-01  0.13638E-01  0.17228E-01  0.94756E-02  0.21666E-02 -0.77891E-02
      4995
         0
 ---------------------
        80
  0.50000E-08  0.10000E-07  0.15000E-07  0.20000E-07  0.25000E-07  0.37500E-07  0.50000E-07  0.75000E-07  0.10000E-06  0.20000E-06
  0.19657E-03 -0.65343E-04 -0.14295E-02  0.45554E-03 -0.36067E-02 -0.62056E-02 -0.98031E-02 -0.69307E-02 -0.13771E-01 -0.27891E-02
      4995
         0
 ---------------------
        81
  0.50000E-08  0.10000E-07  0.15000E-07  0.20000E-07  0.25000E-07  0.37500E-07  0.50000E-07  0.75000E-07  0.10000E-06  0.20000E-06
 -0.33972E-02 -0.20966E-02 -0.11170E-02 -0.45445E-02 -0.56379E-02 -0.57368E-02 -0.85531E-02 -0.75557E-02 -0.25021E-01 -0.35445E-01
      4995
         0
 ---------------------
        82
  0.50000E-08  0.10000E-07  0.15000E-07  0.20000E-07  0.25000E-07  0.37500E-07  0.50000E-07  0.75000E-07  0.10000E-06  0.20000E-06
  0.12903E-02 -0.37784E-03  0.91425E-03  0.92429E-03  0.40496E-02 -0.49556E-02 -0.69906E-02 -0.12556E-01 -0.20646E-01 -0.28102E-01
      4995
         0
 ---------------------
        83
  0.50000E-08  0.10000E-07  0.15000E-07  0.20000E-07  0.25000E-07  0.37500E-07  0.50000E-07  0.75000E-07  0.10000E-06  0.20000E-06
  0.50907E-03 -0.11591E-02  0.10705E-02  0.32680E-02 -0.14192E-02 -0.44868E-02 -0.32406E-02 -0.10524E-01 -0.31896E-01 -0.47008E-01
      4995
         0
 ---------------------
        84
  0.50000E-08  0.10000E-07  0.15000E-07  0.20000E-07  0.25000E-07  0.37500E-07  0.50000E-07  0.75000E-07  0.10000E-06  0.20000E-06
 -0.27218E-03 -0.28778E-02 -0.58045E-02 -0.82945E-02 -0.10169E-01 -0.14643E-01 -0.18241E-01 -0.21462E-01 -0.24396E-01 -0.31695E-01
      4995
         0
 ---------------------
        85
  0.50000E-08  0.10000E-07  0.15000E-07  0.20000E-07  0.25000E-07  0.37500E-07  0.50000E-07  0.75000E-07  0.10000E-06  0.20000E-06
 -0.37097E-02 -0.81903E-02 -0.11430E-01 -0.10794E-01 -0.11107E-01 -0.15424E-01 -0.18709E-01 -0.27399E-01 -0.32365E-01 -0.40445E-01
      4995
         0
 ---------------------
        86
  0.50000E-08  0.10000E-07  0.15000E-07  0.20000E-07  0.25000E-07  0.37500E-07  0.50000E-07  0.75000E-07  0.10000E-06  0.20000E-06
 -0.89718E-03  0.16534E-02  0.21642E-02  0.18618E-02  0.18620E-02  0.36382E-02 -0.18344E-02 -0.53682E-02 -0.54897E-02 -0.51328E-02
      4995
         0
 ---------------------
        87
  0.50000E-08  0.10000E-07  0.15000E-07  0.20000E-07  0.25000E-07  0.37500E-07  0.50000E-07  0.75000E-07  0.10000E-06  0.20000E-06
  0.22540E-01  0.44153E-01  0.59664E-01  0.70143E-01  0.76550E-01  0.85513E-01  0.95041E-01  0.10510E+00  0.10389E+00  0.97055E-01
      4995
         1
   peak          1
  0.25000E-05  0.00000E+00  0.00000E+00
  0.71231E+00  0.71231E+00
 0.4433687E-02
  0.55000E-08  0.75000E-08  0.75000E-08
-0.4408273E-02
 ---------------------
        88
  0.50000E-08  0.10000E-07  0.15000E-07  0.20000E-07  0.25000E-07  0.37500E-07  0.50000E-07  0.75000E-07  0.10000E-06  0.20000E-06
 -0.11593E-03  0.61847E-02  0.46642E-02  0.49868E-02  0.76830E-03  0.78569E-02  0.67594E-02 -0.59932E-02 -0.83022E-02  0.49217E-03
      4995
         0
 ---------------------
        89
  0.50000E-08  0.10000E-07  0.15000E-07  0.20000E-07  0.25000E-07  0.37500E-07  0.50000E-07  0.75000E-07  0.10000E-06  0.20000E-06
 -0.12097E-02  0.10284E-02  0.31017E-02  0.68618E-02  0.93621E-02  0.10826E-01  0.92594E-02  0.74443E-02 -0.64592E-03 -0.14977E-01
      4995
         0
 ---------------------
        90
  0.50000E-08  0.10000E-07  0.15000E-07  0.20000E-07  0.25000E-07  0.37500E-07  0.50000E-07  0.75000E-07  0.10000E-06  0.20000E-06
 -0.89718E-03  0.16534E-02  0.75800E-03  0.34243E-02  0.29955E-03 -0.30806E-02 -0.14491E-01 -0.10837E-01 -0.12365E-01 -0.33102E-01
      4995
         0
 ---------------------
        91
  0.50000E-08  0.10000E-07  0.15000E-07  0.20000E-07  0.25000E-07  0.37500E-07  0.50000E-07  0.75000E-07  0.10000E-06  0.20000E-06
  0.20716E-02  0.18097E-02  0.23205E-02  0.14304E-03  0.10808E-02  0.44417E-04  0.59781E-02  0.83818E-02  0.20103E-02  0.89297E-02
      4995
         0
 ---------------------
        92
  0.50000E-08  0.10000E-07  0.15000E-07  0.20000E-07  0.25000E-07  0.37500E-07  0.50000E-07  0.75000E-07  0.10000E-06  0.20000E-06
  0.18634E-01  0.46028E-01  0.65289E-01  0.74518E-01  0.86393E-01  0.10129E+00  0.11457E+00  0.12198E+00  0.12889E+00  0.12080E+00
      4995
         1
   peak          1
  0.25005E-05  0.00000E+00  0.00000E+00
  0.15627E+00  0.15627E+00
 0.4090057E-02
  0.65000E-08  0.65000E-08  0.11500E-07
 0.7484111E-02
 ---------------------
        93
  0.50000E-08  0.10000E-07  0.15000E-07  0.20000E-07  0.25000E-07  0.37500E-07  0.50000E-07  0.75000E-07  0.10000E-06  0.20000E-06
  0.35282E-03 -0.36591E-02 -0.40858E-02 -0.47007E-02 -0.26692E-02 -0.54243E-02 -0.73031E-02 -0.17399E-01 -0.10021E-01 -0.27008E-01
      4995
         0
 ---------------------
        94
  0.50000E-08  0.10000E-07  0.15000E-07  0.20000E-07  0.25000E-07  0.37500E-07  0.50000E-07  0.75000E-07  0.10000E-06  0.20000E-06
  0.82157E-03 -0.84659E-03  0.20080E-02  0.31118E-02 -0.16920E-03 -0.19868E-02 -0.85531E-02 -0.14431E-01 -0.11896E-01 -0.31852E-01
      4995
         0
 ---------------------
        95
  0.50000E-08  0.10000E-07  0.15000E-07  0.20000E-07  0.25000E-07  0.37500E-07  0.50000E-07  0.75000E-07  0.10000E-06  0.20000E-06
 -0.58468E-03 -0.53409E-03 -0.12733E-02 -0.11070E-02 -0.68879E-02 -0.69868E-02 -0.11834E-01 -0.97432E-02 -0.90834E-02  0.80466E-03
      4995
         0
 ---------------------
        96
  0.50000E-08  0.10000E-07  0.15000E-07  0.20000E-07  0.25000E-07  0.37500E-07  0.50000E-07  0.75000E-07  0.10000E-06  0.20000E-06
  0.16134E-01  0.41810E-01  0.58883E-01  0.70612E-01  0.79518E-01  0.94263E-01  0.10113E+00  0.11135E+00  0.11857E+00  0.12221E+00
      4995
         1
   peak          1
  0.25005E-05  0.00000E+00  0.00000E+00
  0.25384E+00  0.25384E+00
 0.3854250E-02
  0.75000E-08  0.75000E-08  0.13500E-07
-0.8609641E-02
 ---------------------
        97
  0.50000E-08  0.10000E-07  0.15000E-07  0.20000E-07  0.25000E-07  0.37500E-07  0.50000E-07  0.75000E-07  0.10000E-06  0.20000E-06
  0.19572E-01  0.46653E-01  0.64195E-01  0.78737E-01  0.88425E-01  0.10254E+00  0.12020E+00  0.12557E+00  0.12998E+00  0.11612E+00
      4995
         1
   peak          1
  0.25000E-05  0.00000E+00  0.00000E+00
  0.14509E+00  0.14509E+00
 0.3667316E-02
  0.15000E-08  0.75000E-08  0.10500E-07
-0.9707725E-03
 ---------------------
        98
  0.50000E-08  0.10000E-07  0.15000E-07  0.20000E-07  0.25000E-07  0.37500E-07  0.50000E-07  0.75000E-07  0.10000E-06  0.20000E-06
 -0.48034E-02 -0.60028E-02 -0.76795E-02 -0.12513E-01 -0.12669E-01 -0.14174E-01 -0.21678E-01 -0.34743E-01 -0.32990E-01 -0.49352E-01
      4995
         0
 ---------------------
        99
  0.50000E-08  0.10000E-07  0.15000E-07  0.20000E-07  0.25000E-07  0.37500E-07  0.50000E-07  0.75000E-07  0.10000E-06  0.20000E-06
 -0.16784E-02 -0.27216E-02 -0.56483E-02 -0.51695E-02 -0.31379E-02 -0.90181E-02 -0.96469E-02 -0.11462E-01 -0.13771E-01 -0.25758E-01
      4995
         0
 ---------------------
       100
  0.50000E-08  0.10000E-07  0.15000E-07  0.20000E-07  0.25000E-07  0.37500E-07  0.50000E-07  0.75000E-07  0.10000E-06  0.20000E-06
 -0.10534E-02 -0.53409E-03 -0.15858E-02 -0.11070E-02 -0.39192E-02 -0.10268E-01 -0.19178E-01 -0.26931E-01 -0.34552E-01 -0.45758E-01
      4995
         0
