 ---------------------
         1
  0.50000E-08  0.10000E-07  0.15000E-07  0.20000E-07  0.25000E-07  0.37500E-07  0.50000E-07  0.75000E-07  0.10000E-06  0.20000E-06
  0.16759E-01  0.43372E-01  0.61071E-01  0.69049E-01  0.78112E-01  0.84888E-01  0.93478E-01  0.96819E-01  0.92948E-01  0.76117E-01
      4995
         1
   peak          1
  0.25005E-05  0.00000E+00  0.00000E+00
  0.13297E+00  0.13297E+00
 0.3588968E-02
  0.85000E-08  0.95000E-08  0.15500E-07
-0.3140891E-02
 ---------------------
         2
  0.50000E-08  0.10000E-07  0.15000E-07  0.20000E-07  0.25000E-07  0.37500E-07  0.50000E-07  0.75000E-07  0.10000E-06  0.20000E-06
 -0.15222E-02  0.40341E-03  0.15393E-02 -0.20445E-02 -0.26692E-02 -0.96431E-02 -0.52719E-02 -0.68069E-03  0.34166E-02 -0.16953E-02
      4995
         0
 ---------------------
         3
  0.50000E-08  0.10000E-07  0.15000E-07  0.20000E-07  0.25000E-07  0.37500E-07  0.50000E-07  0.75000E-07  0.10000E-06  0.20000E-06
  0.35282E-03  0.32159E-02  0.21642E-02  0.76804E-03  0.27996E-02 -0.29243E-02 -0.62094E-02 -0.11462E-01 -0.12052E-01 -0.14352E-01
      4995
         0
 ---------------------
         4
  0.50000E-08  0.10000E-07  0.15000E-07  0.20000E-07  0.25000E-07  0.37500E-07  0.50000E-07  0.75000E-07  0.10000E-06  0.20000E-06
  0.16915E-01  0.41497E-01  0.61227E-01  0.73581E-01  0.79831E-01  0.93169E-01  0.11113E+00  0.11838E+00  0.11873E+00  0.11174E+00
      4995
         1
   peak          1
  0.25000E-05  0.00000E+00  0.00000E+00
  0.41511E+00  0.41511E+00
 0.3490462E-02
  0.25000E-08  0.95000E-08  0.14500E-07
-0.3314524E-02
 ---------------------
         5
  0.50000E-08  0.10000E-07  0.15000E-07  0.20000E-07  0.25000E-07  0.37500E-07  0.50000E-07  0.75000E-07  0.10000E-06  0.20000E-06
  0.16447E-01  0.41653E-01  0.60289E-01  0.68737E-01  0.78268E-01  0.82701E-01  0.92384E-01  0.10088E+00  0.99979E-01  0.22455E+00
      4995
         2
   peak          1
  0.25000E-05  0.00000E+00  0.11150E-06
  0.33767E+00  0.33767E+00
 0.3018848E-02
  0.25000E-08  0.10500E-07  0.15500E-07
 0.5435478E-02
   peak          2
  0.26115E-05  0.11150E-06  0.00000E+00
  0.80917E+00  0.80917E+00
 0.4673233E-02
  0.55000E-08  0.65000E-08  0.12500E-07
 0.1473490E-02
